1 385.132 528.059
2 380.389 528.035
3 379.939 539.79
4 385.406 539.827
5 367.59 551.451
6 361.41 551.429
7 355.562 540.306
8 373.608 551.486
9 355.629 551.387
10 379.579 551.515
11 385.583 551.539
12 391.654 551.559
13 397.453 551.589
14 403.599 551.607
15 409.596 551.635
17 349.973 539.698
18 361.195 539.741
19 349.654 551.366
24 421.593 551.698
25 415.566 551.676
30 421.388 540.01
32 415.928 539.983
34 368.274 516.689
35 379.893 513.885
36 391.618 527.472
37 353.075 516.69
38 376.329 516.797
101 311.387 520.991
102 316.041 520.846
103 310.745 512.186
105 318.453 524.184
106 308.718 524.39
107 331.982 523.759
201 295.143 507.445
202 295.794 512.181
203 291.44 515.784
204 300.644 528.531
205 302.415 517.111
